Bootatrap
40	LPD count
12	Model length
0.000000000000	Minimum
6.584053758912	Razmah
0	1	0.124508140704	0	aa
2	2	0.099295213236	0	aa
1	3	0.273689657544	1	ac
0	1	0.116202249009	2	ag
2	3	0.152167997401	2	ag
4	5	0.358811776957	2	ag
8	10	0.121926689778	2	ag
4	4	0.030802387218	3	at
10	10	0.038669992157	3	at
0	1	0.136261220855	4	ca
2	3	0.330563554545	4	ca
4	4	0.032330329817	4	ca
7	9	0.223081548097	4	ca
0	0	0.058315743945	5	cc
2	2	0.078547732011	5	cc
7	8	0.140726418237	5	cc
1	6	0.488241193332	6	cg
4	4	0.040344633813	7	ct
5	7	0.337608722011	7	ct
8	9	0.168592394753	7	ct
0	2	0.198743246147	8	ga
9	10	0.075815796190	8	ga
0	0	0.091730156373	9	gc
1	3	0.280717581097	9	gc
4	5	0.369202074446	9	gc
6	7	0.734333282528	9	gc
9	10	0.137412176647	9	gc
0	1	0.125838963665	10	gg
8	8	0.051342307192	10	gg
4	4	0.072828989829	11	gt
8	9	0.133435469303	11	gt
0	0	0.052116594290	12	ta
9	10	0.076595942665	12	ta
1	1	0.043681365788	13	tc
8	10	0.117766981393	13	tc
0	0	0.058204287697	14	tg
5	6	0.277885655439	14	tg
7	7	0.172546572019	14	tg
8	10	0.114074919949	14	tg
9	10	0.049093800838	15	tt
