Bootatrap
40	LPD count
12	Model length
-0.028249758240	Minimum
2.678537231568	Razmah
0	1	0.045614036762	0	aa
0	1	0.039594549546	1	ac
2	2	0.099730448579	1	ac
0	1	0.042467260596	2	ag
4	4	0.105212892564	2	ag
4	4	0.133896261199	3	at
6	6	0.125289662614	3	at
0	1	0.041480906696	4	ca
3	3	0.206198598268	4	ca
4	8	-0.028249758240	4	ca
9	9	0.023007631470	4	ca
0	1	0.021721115475	5	cc
2	2	0.104506792272	5	cc
0	1	0.031514741544	6	cg
3	3	0.169265966702	6	cg
6	6	0.125598890426	7	ct
9	9	0.024422361505	7	ct
0	1	0.035526537290	8	ga
5	5	0.041402034245	8	ga
9	9	0.030332275349	8	ga
0	1	0.033968356305	9	gc
2	2	0.092111420646	9	gc
5	5	0.114990608644	9	gc
8	8	0.091932116856	9	gc
9	9	0.030540144029	9	gc
0	1	0.029478371328	10	gg
8	8	0.099966319503	10	gg
4	4	0.025890719758	11	gt
8	8	0.105956907082	11	gt
9	9	0.018769278403	11	gt
0	0	0.019442990681	12	ta
5	5	0.081013228302	12	ta
9	10	0.025074599752	12	ta
1	1	0.030007398429	13	tc
5	5	0.054253936322	13	tc
9	10	0.035108705053	13	tc
0	0	0.018495778291	14	tg
7	7	0.238871335682	14	tg
9	10	0.031438212603	14	tg
9	10	0.026194082557	15	tt
