Bootatrap
40	LPD count
12	Model length
0.000000000000	Minimum
2.524387688994	Razmah
0	1	0.029791965520	0	aa
10	10	0.014747890068	0	aa
0	1	0.034268677299	1	ac
2	2	0.091837459038	1	ac
4	4	0.043380691440	1	ac
1	1	0.025953796730	2	ag
4	4	0.066035145392	2	ag
4	4	0.138453402129	3	at
6	6	0.110185367869	3	at
0	1	0.028784835997	4	ca
3	3	0.203320378552	4	ca
2	2	0.095520975308	5	cc
5	5	0.030944249239	5	cc
9	10	0.030346470315	5	cc
9	10	0.029810885979	6	cg
3	3	0.035281732021	7	ct
6	6	0.159930083047	7	ct
0	1	0.032681015548	8	ga
9	9	0.016510352985	8	ga
0	1	0.044854572932	9	gc
2	2	0.083299207362	9	gc
5	5	0.141717543761	9	gc
8	8	0.101359434490	9	gc
9	9	0.028557007834	9	gc
0	1	0.025821011880	10	gg
8	8	0.099048315072	10	gg
9	9	0.020248743754	10	gg
1	1	0.022054309529	11	gt
8	8	0.094728540057	11	gt
0	1	0.031569530358	12	ta
5	5	0.108725074481	12	ta
9	10	0.031936318262	12	ta
1	2	0.055351303514	13	tc
5	5	0.032673464473	13	tc
9	10	0.024806282802	13	tc
0	0	0.014769673504	14	tg
4	4	0.036851408204	14	tg
7	7	0.246737289437	14	tg
9	10	0.038088628765	14	tg
9	10	0.023404654047	15	tt
